R21 = [cosd(160) cosd(70) 0;
         0         0      -1;
         cosd(110) cosd(160) 0];

R32 = [cosd(160) 0  cosd(70);
          0        -1    0;
          cosd(70)  0   cosd(20)];


R43 = [cosd(150)  0  cosd(120);
          cosd(60)  0   cosd(150);
          0         -1     0];


R54 = [cosd(40)  0  cosd(130);
          0         1    0;
          cosd(50)  0  cosd(40)];

 
%% find angular 
% joint 1
